# Created by Octave 4.2.2, Sat May 05 07:21:56 2018 GMT <unknown@unknown>
# name: y
# type: matrix
# rows: 100
# columns: 1
 -1.077911722197299
 4.12488220269671
 4.673705892190378
 -0.07201234993327818
 5.606506346413307
 3.672148778865608
 6.124309961388075
 4.570427195979421
 5.529546920897849
 11.68484643303603
 11.64476087682941
 14.09804944673317
 13.05655082786602
 14.63691469763148
 15.82625021517442
 15.05173239088417
 15.86729851102495
 20.68994593766606
 20.95437209520398
 17.53939626276043
 16.93223557945224
 22.64333963825767
 27.52386944844621
 25.23521718888414
 24.24177298136205
 24.03563684918002
 24.80926715393709
 29.37999373269385
 26.70331132112511
 27.93706541301409
 29.53654138306377
 31.72282446632984
 31.06987226634212
 33.22851598813436
 38.73558017757066
 35.14029717108908
 34.8443610459049
 37.91140029973134
 37.97683651149795
 39.20374431735924
 42.2858770913847
 41.84806305732077
 43.14897640769412
 42.44927885387012
 44.74444378401161
 45.54844498811893
 46.49964985589557
 48.14465825951471
 48.79653349152648
 50.04153181997641
 48.45261461830363
 52.30096559410175
 49.70731464933029
 56.16195516120483
 53.77786828836651
 51.57186731823554
 57.14809079974886
 56.73209510985033
 60.25065711374241
 60.24352277888211
 60.63056391625199
 62.43815625501232
 60.9159743294051
 61.59265703914393
 66.07666786949434
 64.87736750625722
 65.59401104263965
 68.20639301296541
 69.88034685404048
 69.10522578851061
 70.61835452895413
 71.71819322434173
 72.70980981286064
 72.60570681169418
 76.16972012313178
 78.06409384557529
 76.93231861360839
 80.47156149770524
 78.47814782477545
 79.97084079315587
 80.7816802506685
 81.80892774748631
 82.41993876631855
 83.90223931522917
 84.6597808394275
 85.24900088525813
 87.6052894144614
 88.50780823067774
 90.03101183576534
 89.19210960515393
 90.68868623855312
 92.38453969239052
 93.14022856125358
 93.31895389975861
 95.85099622429129
 96.97279018777891
 97.6107584828716
 98.71960715778916
 98.76737405387777
 99.81305640520121


