# Created by Octave 4.2.2, Sat May 05 07:21:56 2018 GMT <unknown@unknown>
# name: theta1
# type: matrix
# rows: 2
# columns: 1
 -0.6165905517082313
 1.006536189415867


