# Created by Octave 4.2.2, Sat May 05 07:21:56 2018 GMT <unknown@unknown>
# name: theta
# type: matrix
# rows: 2
# columns: 1
 0.01178134528624438
 0.9971568218591971


