# Created by Octave 4.2.2, Sat May 12 20:51:15 2018 GMT <unknown@unknown>
# name: y
# type: matrix
# rows: 100
# columns: 1
 0
 1
 0
 0
 1
 0
 0
 0
 0
 0
 0
 0
 1
 1
 0
 1
 0
 0
 1
 0
 0
 1
 0
 0
 0
 0
 1
 0
 1
 0
 0
 0
 0
 0
 0
 0
 0
 0
 1
 0
 1
 0
 0
 0
 0
 0
 0
 1
 1
 1
 1
 1
 1
 0
 1
 1
 0
 1
 1
 1
 1
 1
 0
 0
 0
 1
 1
 1
 1
 1
 1
 0
 1
 0
 0
 0
 0
 0
 1
 0
 0
 1
 0
 0
 1
 0
 0
 0
 1
 0
 1
 1
 1
 1
 1
 1
 1
 0
 0
 0


