# Created by Octave 4.2.2, Sat May 12 21:05:26 2018 GMT <unknown@unknown>
# name: acertos
# type: scalar
100


