# Created by Octave 4.2.2, Sat May 12 21:05:26 2018 GMT <unknown@unknown>
# name: w
# type: matrix
# rows: 3
# columns: 1
 0.5734934344701749
 -1.399725913566295
 1.387680877367368


