# Created by Octave 4.2.2, Thu Jul 12 15:54:40 2018 GMT <unknown@unknown>
# name: w
# type: matrix
# rows: 2
# columns: 1
 0.00540845044635406
 1.015081129494021


