# Created by Octave 4.2.2, Tue Sep 11 09:11:14 2018 -03 <hardproxy@hardproxy>
# name: y
# type: matrix
# rows: 100
# columns: 1
 1
 0
 1
 1
 0
 1
 0
 0
 0
 0
 1
 0
 1
 0
 1
 1
 0
 1
 0
 0
 0
 1
 1
 0
 1
 1
 0
 0
 1
 1
 0
 0
 1
 0
 1
 0
 1
 0
 0
 1
 0
 0
 0
 0
 1
 0
 0
 0
 1
 0
 0
 0
 0
 0
 1
 1
 0
 0
 1
 1
 0
 0
 1
 0
 1
 1
 0
 1
 1
 0
 0
 0
 1
 0
 0
 1
 0
 1
 1
 1
 0
 0
 1
 1
 1
 0
 0
 0
 1
 1
 0
 0
 1
 0
 0
 0
 0
 0
 0
 1


