# Created by Octave 4.2.2, Tue Sep 11 09:11:17 2018 -03 <hardproxy@hardproxy>
# name: w
# type: matrix
# rows: 3
# columns: 1
 0.6300034633717406
 -1.026208734409408
 1.000664336834552


