# Created by Octave 4.2.1, Wed Nov 22 18:59:46 2017 -02 <root@otaviano>
# name: v
# type: matrix
# rows: 1
# columns: 101
 100 84.55844605656029 67.30757418727127 18.25627140402533 26.39088279758531 94.00922678749528 55.6899114610828 26.54768971039113 41.69242313886573 52.57451524409955 46.54945480870845 27.98089214984969 95.20088884535085 75.52535021211774 14.57210925016576 34.66263524706617 68.3928947804624 76.69028810133581 60.51100837158613 23.39225544699771 52.66071215401691 34.86018983915408 96.3175874703133 36.66893883152422 15.97919209911522 16.92202646954881 58.56854922938098 41.38412762481224 51.02223499967052 72.75561487338113 22.41564161388408 2.19277136431401 14.50452472633788 63.10944727558127 14.66528499136904 27.57190004731547 95.74766620128771 54.74316992495844 34.26567793102469 44.87978278918446 32.73390013322875 60.93831828883548 34.34166172273031 12.90544068565542 39.325104040291 84.02483756930515 52.22731521046578 51.89006709661916 75.15776095186789 56.07731668392923 1.889127204701295 69.90598795637804 24.15652335741952 80.60982180452332 26.53417135467813 59.12682055443659 29.54698078061881 4.772797815884493 24.61436981359407 60.74377940037846 42.09952997250159 5.81776352549666 25.78744100852789 18.16021748900721 57.006231719921 75.16297807457137 79.20097023950818 94.2171875446373 89.95829188581564 44.55633609339372 47.84998084760403 29.35049613446992 3.567445546541596 23.30295868650127 91.40092964487313 72.96064820655857 7.863996827572343 42.70029026736648 89.39419701154694 66.54866006266658 54.8987569855799 74.85499080121819 55.60294115299998 60.32950184270302 92.15038459572678 32.41274415995635 66.31271782854073 12.10929235220612 67.68304410961228 35.49089646032329 88.85639714505683 0.1562299101015507 32.7888115340286 48.49908502622595 43.76103795893475 14.81797460279333 65.07376085977306 76.88479414881235 9.689242016747594 12.47493036004682 41.79923062530425


