# Created by Octave 4.2.1, Mon Nov 27 20:04:28 2017 -02 <root@otaviano>
# name: y
# type: matrix
# rows: 100
# columns: 1
 0.9679298515212504
 1.574963119420168
 2.465884291445547
 5.252056381090346
 10.36531432439112
 5.573682764491009
 3.45272185327661
 5.045094273122931
 10.21299578623405
 5.385183784490398
 6.627283874034429
 5.181795055845715
 8.842507086077818
 12.288992460533
 10.76521009316976
 14.38369925336972
 17.69426833990399
 11.21354699899738
 14.92924768628015
 14.66409110095529
 43.60755355352421
 29.92628861269148
 37.33265571184782
 18.22776746162065
 16.90493543186728
 14.45376650961465
 19.40245531617207
 15.19109770538507
 24.59836021089073
 24.61103532122296
 29.76070946838312
 21.35771437432484
 21.92434286392503
 30.73954264926879
 16.86012995886695
 44.13032818463713
 34.32179122938216
 63.96510190415498
 25.88304768449517
 59.3371657896429
 53.8396279801609
 19.52921090756304
 31.61361351226477
 60.36465200748979
 44.70683944541842
 83.54422952011585
 70.57897368379633
 27.85422608644166
 56.40541066982345
 33.66203206716987
 56.48550270299738
 33.32943961477879
 42.04259161535754
 41.36570896263446
 77.38938127114552
 56.67261686160826
 57.15678880842569
 71.15743466964881
 102.7125583100747
 55.34670348226759
 61.0818236070523
 79.56048340144483
 65.35196078907627
 68.35321028267634
 52.52370302143743
 61.69463203943147
 67.95996412549076
 85.06548396350493
 60.00078536211167
 61.33689308931532
 106.6831374327708
 64.01644611166483
 92.92429915345522
 68.14689472734183
 68.26615575392718
 73.98422377315998
 67.03491271361716
 73.12339672897971
 106.7056865792248
 146.8340785315591
 60.73418626705524
 88.30580672071959
 74.01835050067943
 84.02834536712253
 77.39408235866043
 98.52146652973994
 75.44351443805843
 77.4417605848727
 92.91137246357758
 98.87836329461297
 68.60317477429051
 84.80297655804929
 75.78026150533628
 96.4977303730298
 89.74947326363764
 87.45276133934183
 103.8852795594837
 118.231497887921
 97.167664634744
 92.92976172020064


