# Created by Octave 4.2.1, Mon Nov 27 20:04:28 2017 -02 <root@otaviano>
# name: theta
# type: matrix
# rows: 2
# columns: 1
 0.0125336906918548
 1.016577395843225


