# Created by Octave 4.2.2, Fri Jun 08 16:50:29 2018 GMT <unknown@unknown>
# name: w
# type: matrix
# rows: 3
# columns: 2
 12.26963218630774 -18.82127198264733
 -0.6620574901168382 0.510313191876609
 -0.6723574160560181 0.4855333631724711


