# Created by Octave 4.2.2, Sat May 04 15:07:51 2019 -03 <hardproxy@hardproxy-PC>
# name: Iteration
# type: matrix
# rows: 1000
# columns: 2
 1 0.3465735902805469
 2 0.3437191338113062
 3 0.3409182040424039
 4 0.3381697660456556
 5 0.3354727981777532
 6 0.3328262924213211
 7 0.3302292546873122
 8 0.327680705080351
 9 0.3251796781286571
 10 0.3227252229801745
 11 0.3203164035665479
 12 0.3179522987365656
 13 0.3156320023606801
 14 0.3133546234081968
 15 0.3111192859986893
 16 0.3089251294291727
 17 0.3067713081785325
 18 0.3046569918906598
 19 0.3025813653377118
 20 0.3005436283648626
 21 0.2985429958178701
 22 0.2965786974547336
 23 0.2946499778426662
 24 0.2927560962415602
 25 0.2908963264750715
 26 0.2890699567903948
 27 0.2872762897077618
 28 0.2855146418606307
 29 0.2837843438274987
 30 0.2820847399562122
 31 0.2804151881816092
 32 0.2787750598372726
 33 0.2771637394621402
 34 0.2755806246026615
 35 0.2740251256111584
 36 0.2724966654409978
 37 0.2709946794391541
 38 0.2695186151366907
 39 0.2680679320376633
 40 0.2666421014069053
 41 0.2652406060571281
 42 0.2638629401357325
 43 0.2625086089116997
 44 0.2611771285629026
 45 0.2598680259641492
 46 0.2585808384762399
 47 0.2573151137363095
 48 0.2560704094496829
 49 0.254846293183467
 50 0.2536423421620743
 51 0.2524581430648534
 52 0.2512932918259875
 53 0.2501473934368007
 54 0.2490200617506009
 55 0.2479109192901672
 56 0.2468195970579815
 57 0.2457457343492875
 58 0.2446889785680503
 59 0.2436489850458766
 60 0.242625416863947
 61 0.2416179446780013
 62 0.2406262465464092
 63 0.2396500077613501
 64 0.2386889206831188
 65 0.2377426845775659
 66 0.2368110054566774
 67 0.235893595922289
 68 0.2349901750129279
 69 0.23410046805377
 70 0.2332242065096927
 71 0.2323611278414044
 72 0.2315109753646243
 73 0.2306734981122842
 74 0.2298484506997213
 75 0.229035593192829
 76 0.2282346909791263
 77 0.2274455146417132
 78 0.2266678398360654
 79 0.2259014471696328
 80 0.2251461220841935
 81 0.2244016547409237
 82 0.223667839908136
 83 0.2229444768516398
 84 0.2222313692276786
 85 0.2215283249783983
 86 0.2208351562297948
 87 0.2201516791920985
 88 0.2194777140625447
 89 0.2188130849304836
 90 0.2181576196847804
 91 0.2175111499234615
 92 0.2168735108655554
 93 0.2162445412650839
 94 0.2156240833271569
 95 0.215011982626123
 96 0.2144080880257322
 97 0.2138122516012629
 98 0.2132243285635721
 99 0.2126441771850203
 100 0.212071658727232
 101 0.2115066373706452
 102 0.2109489801458106
 103 0.2103985568663968
 104 0.2098552400638624
 105 0.2093189049237535
 106 0.2087894292235888
 107 0.208266693272291
 108 0.2077505798511307
 109 0.2072409741561411
 110 0.2067377637419706
 111 0.2062408384671359
 112 0.2057500904406401
 113 0.2052654139699246
 114 0.2047867055101169
 115 0.2043138636145458
 116 0.2038467888864891
 117 0.2033853839321243
 118 0.2029295533146501
 119 0.2024792035095508
 120 0.2020342428609727
 121 0.2015945815391848
 122 0.2011601314990966
 123 0.2007308064398038
 124 0.2003065217651384
 125 0.199887194545195
 126 0.1994727434788083
 127 0.1990630888569593
 128 0.1986581525270836
 129 0.1982578578582596
 130 0.1978621297072547
 131 0.1974708943854054
 132 0.1970840796263116
 133 0.1967016145543222
 134 0.196323429653793
 135 0.1959494567390962
 136 0.1955796289253618
 137 0.1952138805999319
 138 0.1948521473945108
 139 0.1944943661579905
 140 0.1941404749299358
 141 0.1937904129147116
 142 0.1934441204562355
 143 0.193101539013339
 144 0.1927626111357238
 145 0.1924272804404935
 146 0.1920954915892517
 147 0.1917671902657455
 148 0.1914423231540462
 149 0.1911208379172485
 150 0.1908026831766784
 151 0.1904878084915944
 152 0.1901761643393707
 153 0.1898677020961495
 154 0.18956237401795
 155 0.1892601332222229
 156 0.1889609336698393
 157 0.1886647301475016
 158 0.1883714782505675
 159 0.1880811343662745
 160 0.1877936556573567
 161 0.187509000046042
 162 0.1872271261984222
 163 0.1869479935091842
 164 0.1866715620866943
 165 0.1863977927384281
 166 0.1861266469567343
 167 0.185858086904926
 168 0.185592075403691
 169 0.1853285759178125
 170 0.1850675525431934
 171 0.1848089699941753
 172 0.1845527935911455
 173 0.1842989892484255
 174 0.1840475234624326
 175 0.1837983633001087
 176 0.18355147638761
 177 0.1833068308992493
 178 0.1830643955466878
 179 0.1828241395683665
 180 0.1825860327191742
 181 0.1823500452603459
 182 0.1821161479495835
 183 0.1818843120313967
 184 0.1816545092276569
 185 0.181426711728358
 186 0.1812008921825824
 187 0.1809770236896628
 188 0.1807550797905386
 189 0.1805350344593008
 190 0.1803168620949202
 191 0.180100537513156
 192 0.179886035938639
 193 0.1796733329971263
 194 0.1794624047079231
 195 0.1792532274764665
 196 0.1790457780870694
 197 0.1788400336958191
 198 0.1786359718236279
 199 0.1784335703494309
 200 0.1782328075035293
 201 0.1780336618610739
 202 0.177836112335687
 203 0.1776401381732179
 204 0.1774457189456308
 205 0.1772528345450204
 206 0.1770614651777528
 207 0.1768715913587281
 208 0.1766831939057645
 209 0.1764962539340962
 210 0.176310752850988
 211 0.1761266723504598
 212 0.1759439944081199
 213 0.1757627012761051
 214 0.1755827754781248
 215 0.175404199804606
 216 0.1752269573079375
 217 0.1750510312978116
 218 0.1748764053366596
 219 0.1747030632351809
 220 0.1745309890479614
 221 0.1743601670691811
 222 0.1741905818284077
 223 0.1740222180864749
 224 0.173855060831443
 225 0.1736890952746404
 226 0.1735243068467838
 227 0.1733606811941757
 228 0.1731982041749773
 229 0.173036861855555
 230 0.1728766405068991
 231 0.1727175266011133
 232 0.1725595068079723
 233 0.172402567991548
 234 0.1722466972069006
 235 0.1720918816968348
 236 0.171938108888719
 237 0.1717853663913663
 238 0.1716336419919753
 239 0.1714829236531312
 240 0.1713331995098629
 241 0.1711844578667584
 242 0.1710366871951344
 243 0.1708898761302605
 244 0.1707440134686364
 245 0.17059908816532
 246 0.170455089331308
 247 0.1703120062309645
 248 0.1701698282794989
 249 0.1700285450404911
 250 0.1698881462234637
 251 0.1697486216814991
 252 0.169609961408902
 253 0.1694721555389042
 254 0.1693351943414139
 255 0.1691990682208057
 256 0.1690637677137516
 257 0.1689292834870924
 258 0.1687956063357487
 259 0.1686627271806694
 260 0.1685306370668189
 261 0.1683993271612006
 262 0.1682687887509165
 263 0.1681390132412628
 264 0.168009992153859
 265 0.1678817171248124
 266 0.1677541799029145
 267 0.1676273723478711
 268 0.1675012864285632
 269 0.1673759142213403
 270 0.1672512479083434
 271 0.1671272797758589
 272 0.1670040022127005
 273 0.1668814077086217
 274 0.1667594888527553
 275 0.1666382383320809
 276 0.1665176489299193
 277 0.1663977135244543
 278 0.1662784250872794
 279 0.1661597766819709
 280 0.1660417614626855
 281 0.1659243726727827
 282 0.1658076036434714
 283 0.1656914477924794
 284 0.1655758986227469
 285 0.1654609497211418
 286 0.1653465947571981
 287 0.165232827481875
 288 0.1651196417263388
 289 0.1650070314007638
 290 0.1648949904931558
 291 0.1647835130681943
 292 0.164672593266095
 293 0.1645622253014916
 294 0.1644524034623364
 295 0.16434312210882
 296 0.1642343756723091
 297 0.1641261586543012
 298 0.1640184656253991
 299 0.1639112912243003
 300 0.1638046301568051
 301 0.1636984771948398
 302 0.1635928271754977
 303 0.1634876750000949
 304 0.1633830156332424
 305 0.1632788441019333
 306 0.1631751554946453
 307 0.1630719449604578
 308 0.1629692077081839
 309 0.1628669390055162
 310 0.1627651341781868
 311 0.1626637886091414
 312 0.1625628977377262
 313 0.1624624570588888
 314 0.1623624621223913
 315 0.162262908532037
 316 0.1621637919449088
 317 0.1620651080706206
 318 0.1619668526705804
 319 0.1618690215572652
 320 0.161771610593508
 321 0.1616746156917952
 322 0.1615780328135768
 323 0.161481857968586
 324 0.1613860872141708
 325 0.1612907166546356
 326 0.1611957424405931
 327 0.1611011607683273
 328 0.1610069678791656
 329 0.1609131600588616
 330 0.1608197336369865
 331 0.1607266849863315
 332 0.1606340105223183
 333 0.1605417067024194
