# Created by Octave 4.2.2, Sat May 04 15:05:35 2019 -03 <hardproxy@hardproxy-PC>
# name: Iteration
# type: matrix
# rows: 1000
# columns: 2
 1 0.3465735902805422
 2 0.3437423337479883
 3 0.340964509188896
 4 0.3382390829607945
 5 0.3355650346933678
 6 0.3329413576291614
 7 0.330367058925674
 8 0.3278411599204418
 9 0.3253626963607341
 10 0.3229307185994956
 11 0.3205442917591623
 12 0.3182024958649742
 13 0.3159044259493933
 14 0.3136491921292086
 15 0.3114359196568928
 16 0.3092637489477362
 17 0.3071318355842499
 18 0.3050393502992956
 19 0.3029854789393518
 20 0.3009694224092845
 21 0.298990396599946
 22 0.2970476322998743
 23 0.2951403750923176
 24 0.2932678852387606
 25 0.2914294375500767
 26 0.2896243212463809
 27 0.2878518398066098
 28 0.2861113108087999
 29 0.2844020657619954
 30 0.2827234499306591
 31 0.281074822152417
 32 0.2794555546499237
 33 0.2778650328375835
 34 0.2763026551238256
 35 0.2747678327095838
 36 0.2732599893835946
 37 0.2717785613150849
 38 0.2703229968443835
 39 0.2688927562719567
 40 0.2674873116463279
 41 0.2661061465513137
 42 0.2647487558929744
 43 0.263414645686645
 44 0.2621033328443887
 45 0.2608143449631819
 46 0.2595472201141196
 47 0.2583015066328986
 48 0.2570767629118233
 49 0.2558725571935441
 50 0.2546884673667287
 51 0.2535240807638424
 52 0.2523789939611953
 53 0.2512528125813989
 54 0.2501451510983581
 55 0.2490556326449092
 56 0.2479838888232009
 57 0.2469295595179042
 58 0.2458922927123202
 59 0.2448717443074507
 60 0.2438675779440787
 61 0.2428794648279022
 62 0.2419070835577529
 63 0.2409501199569221
 64 0.2400082669076139
 65 0.23908122418853
 66 0.2381686983155937
 67 0.237270402385808
 68 0.23638605592424
 69 0.2355153847341184
 70 0.2346581207500271
 71 0.2338140018941731
 72 0.2329827719357038
 73 0.2321641803530451
 74 0.2313579821992288
 75 0.230563937970176
 76 0.2297818134759002
 77 0.2290113797145907
 78 0.2282524127495382
 79 0.2275046935888586
 80 0.2267680080679745
 81 0.226042146734808
 82 0.2253269047376411
 83 0.2246220817155984
 84 0.223927481691702
 85 0.2232429129684581
 86 0.2225681880259198
 87 0.2219031234221867
 88 0.2212475396962867
 89 0.2206012612733968
 90 0.219964116372353
 91 0.219335936915403
 92 0.2187165584401532
 93 0.2181058200136639
 94 0.2175035641486461
 95 0.2169096367217129
 96 0.2163238868936409
 97 0.2157461670315953
 98 0.2151763326332742
 99 0.2146142422529294
 100 0.2140597574292178
 101 0.2135127426148423
 102 0.2129730651079401
 103 0.2124405949851759
 104 0.2119152050364992
 105 0.2113967707015272
 106 0.210885170007512
 107 0.2103802835088547
 108 0.2098819942281279
 109 0.2093901875985699
 110 0.2089047514080138
 111 0.2084255757442165
 112 0.207952552941551
 113 0.2074855775290307
 114 0.2070245461796293
 115 0.2065693576608656
 116 0.20611991278662
 117 0.2056761143701527
 118 0.2052378671782912
 119 0.2048050778867597
 120 0.2043776550366189
 121 0.2039555089917896
 122 0.2035385518976306
 123 0.2031266976405456
 124 0.2027198618085911
 125 0.2023179616530606
 126 0.2019209160510191
 127 0.2015286454687639
 128 0.2011410719261879
 129 0.2007581189620202
 130 0.2003797115999255
 131 0.2000057763154344
 132 0.1996362410036884
 133 0.1992710349479741
 134 0.1989100887890301
 135 0.1985533344951023
 136 0.1982007053327333
 137 0.1978521358382606
 138 0.1975075617900116
 139 0.1971669201811728
 140 0.1968301491933172
 141 0.1964971881705739
 142 0.196167977594421
 143 0.1958424590590877
 144 0.1955205752475491
 145 0.1952022699080977
 146 0.1948874878314775
 147 0.1945761748285664
 148 0.1942682777085918
 149 0.1939637442578663
 150 0.1936625232190296
 151 0.1933645642707848
 152 0.1930698180081143
 153 0.1927782359229653
 154 0.1924897703853908
 155 0.1922043746251357
 156 0.1919220027136564
 157 0.1916426095465627
 158 0.1913661508264702
 159 0.1910925830462549
 160 0.1908218634726981
 161 0.190553950130512
 162 0.1902888017867362
 163 0.1900263779354966
 164 0.1897666387831161
 165 0.1895095452335695
 166 0.1892550588742732
 167 0.1890031419622013
 168 0.1887537574103197
 169 0.1885068687743315
 170 0.1882624402397235
 171 0.188020436609109
 172 0.1877808232898573
 173 0.1875435662820032
 174 0.1873086321664314
 175 0.1870759880933258
 176 0.18684560177088
 177 0.1866174414542604
 178 0.1863914759348168
 179 0.1861676745295351
 180 0.1859460070707232
 181 0.1857264438959284
 182 0.185508955838077
 183 0.1852935142158331
 184 0.18508009082417
 185 0.1848686579251491
 186 0.1846591882389019
 187 0.1844516549348098
 188 0.1842460316228762
 189 0.1840422923452875
 190 0.1838404115681576
 191 0.1836403641734515
 192 0.1834421254510844
 193 0.1832456710911906
 194 0.1830509771765604
 195 0.1828580201752383
 196 0.182666776933281
 197 0.1824772246676695
 198 0.1822893409593739
 199 0.1821031037465644
 200 0.1819184913179674
 201 0.1817354823063619
 202 0.1815540556822143
 203 0.1813741907474464
 204 0.181195867129335
 205 0.1810190647745397
 206 0.1808437639432552
 207 0.1806699452034866
 208 0.1804975894254428
 209 0.1803266777760476
 210 0.1801571917135636
 211 0.1799891129823282
 212 0.179822423607597
 213 0.1796571058904951
 214 0.1794931424030701
 215 0.1793305159834475
 216 0.1791692097310853
 217 0.1790092070021244
 218 0.1788504914048343
 219 0.1786930467951506
 220 0.1785368572723033
 221 0.178381907174533
 222 0.1782281810748934
 223 0.1780756637771379
 224 0.1779243403116891
 225 0.1777741959316883
 226 0.1776252161091241
 227 0.1774773865310378
 228 0.1773306930958045
 229 0.1771851219094867
 230 0.1770406592822616
 231 0.1768972917249169
 232 0.176755005945417
 233 0.1766137888455357
 234 0.1764736275175545
 235 0.1763345092410259
 236 0.1761964214795998
 237 0.1760593518779104
 238 0.1759232882585248
 239 0.1757882186189493
 240 0.1756541311286944
 241 0.1755210141263955
 242 0.1753888561169888
 243 0.1752576457689421
 244 0.1751273719115374
 245 0.1749980235322058
 246 0.1748695897739126
 247 0.1747420599325931
 248 0.1746154234546346
 249 0.1744896699344088
 250 0.1743647891118479
 251 0.1742407708700678
 252 0.1741176052330359
 253 0.1739952823632811
 254 0.1738737925596479
 255 0.1737531262550912
 256 0.1736332740145131
 257 0.1735142265326386
 258 0.1733959746319311
 259 0.1732785092605461
 260 0.1731618214903227
 261 0.1730459025148121
 262 0.1729307436473412
 263 0.1728163363191124
 264 0.1727026720773381
 265 0.1725897425834081
 266 0.1724775396110915
 267 0.1723660550447697
 268 0.1722552808777025
 269 0.1721452092103248
 270 0.1720358322485732
 271 0.1719271423022447
 272 0.1718191317833819
 273 0.1717117932046892
 274 0.171605119177976
 275 0.1714991024126281
 276 0.1713937357141057
 277 0.1712890119824687
 278 0.1711849242109263
 279 0.1710814654844144
 280 0.1709786289781962
 281 0.1708764079564879
 282 0.1707747957711086
 283 0.1706737858601531
 284 0.1705733717466885
 285 0.1704735470374728
 286 0.170374305421696
 287 0.1702756406697429
 288 0.1701775466319772
 289 0.170080017237546
 290 0.1699830464932062
 291 0.1698866284821687
 292 0.169790757362965
 293 0.1696954273683307
 294 0.1696006328041098
 295 0.1695063680481761
 296 0.1694126275493742
 297 0.1693194058264773
 298 0.1692266974671633
 299 0.1691344971270074
 300 0.1690427995284923
 301 0.1689515994600347
 302 0.1688608917750276
 303 0.1687706713908994
 304 0.1686809332881878
 305 0.16859167250963
 306 0.1685028841592666
 307 0.1684145634015619
 308 0.1683267054605374
 309 0.1682393056189203
 310 0.1681523592173056
 311 0.1680658616533321
 312 0.1679798083808716
 313 0.1678941949092318
 314 0.1678090168023719
 315 0.1677242696781306
 316 0.1676399492074669
 317 0.1675560511137138
 318 0.1674725711718425
 319 0.1673895052077402
 320 0.1673068490974982
 321 0.1672245987667117
 322 0.1671427501897915
 323 0.1670612993892858
 324 0.1669802424352131
 325 0.1668995754444059
 326 0.1668192945798646
 327 0.1667393960501215
 328 0.1666598761086154
 329 0.1665807310530752
 330 0.1665019572249141
 331 0.1664235510086325
 332 0.1663455088312308
 333 0.1662678271616312
