# Created by Octave 4.2.2, Sat May 04 15:06:09 2019 -03 <hardproxy@hardproxy-PC>
# name: Iteration
# type: matrix
# rows: 1000
# columns: 2
 1 0.3465735902805375
 2 0.3437660832400079
 3 0.3410114417620074
 4 0.3383086436157007
 5 0.3356566797598711
 6 0.3330545546721378
 7 0.3305012866404691
 8 0.3279959080185648
 9 0.3255374654467039
 10 0.3231250200396575
 11 0.3207576475432598
 12 0.3184344384612304
 13 0.3161544981538184
 14 0.3139169469098211
 15 0.311720919993501
 16 0.3095655676678945
 17 0.3074500551959743
 18 0.3053735628210832
 19 0.303335285728017
 20 0.3013344339860987
 21 0.2993702324755262
 22 0.2974419207982418
 23 0.2955487531745186
 24 0.2936899983264071
 25 0.2918649393491452
 26 0.2900728735715732
 27 0.2883131124065604
 28 0.2865849811923877
 29 0.2848878190259963
 30 0.2832209785889505
 31 0.2815838259669307
 32 0.2799757404635192
 33 0.2783961144089969
 34 0.2768443529648331
 35 0.2753198739245014
 36 0.2738221075112207
 37 0.2723504961731779
 38 0.270904494376756
 39 0.2694835683982497
 40 0.2680871961145233
 41 0.2667148667930298
 42 0.2653660808815784
 43 0.2640403497982097
 44 0.2627371957215106
 45 0.2614561513816718
 46 0.2601967598525663
 47 0.2589585743451068
 48 0.2577411580021121
 49 0.2565440836948949
 50 0.2553669338217617
 51 0.2542093001085997
 52 0.2530707834117016
 53 0.2519509935229707
 54 0.250849548977627
 55 0.2497660768645225
 56 0.2487002126391614
 57 0.2476515999395076
 58 0.2466198904046482
 59 0.2456047434963747
 60 0.2446058263237298
 61 0.2436228134705604
 62 0.2426553868261074
 63 0.2417032354186572
 64 0.2407660552522685
 65 0.2398435491465855
 66 0.2389354265797389
 67 0.2380414035343336
 68 0.2371612023465121
 69 0.236294551558084
 70 0.2354411857717024
 71 0.2346008455090665
 72 0.2337732770721256
 73 0.2329582324072573
 74 0.2321554689723884
 75 0.2313647496070256
 76 0.2305858424051601
 77 0.2298185205910094
 78 0.2290625623975553
 79 0.2283177509478392
 80 0.2275838741389705
 81 0.2268607245288074
 82 0.2261480992252627
 83 0.2254457997781912
 84 0.2247536320738147
 85 0.2240714062316344
 86 0.2233989365037879
 87 0.2227360411768022
 88 0.2220825424756969
 89 0.2214382664703891
 90 0.2208030429843546
 91 0.2201767055054988
 92 0.2195590910991905
 93 0.2189500403234108
 94 0.2183493971459747
 95 0.2177570088637771
 96 0.2171727260240194
 97 0.2165964023473724
 98 0.2160278946530306
 99 0.2154670627856166
 100 0.2149137695438899
 101 0.2143678806112207
 102 0.2138292644877858
 103 0.2132977924244462
 104 0.2127733383582663
 105 0.2122557788496347
 106 0.2117449930209493
 107 0.2112408624968272
 108 0.2107432713458023
 109 0.2102521060234761
 110 0.2097672553170821
 111 0.2092886102914328
 112 0.2088160642362122
 113 0.2083495126145807
 114 0.2078888530130605
 115 0.207433985092668
 116 0.206984810541263
 117 0.2065412330270827
 118 0.2061031581534311
 119 0.2056704934144943
 120 0.2052431481522536
 121 0.2048210335144668
 122 0.2044040624136921
 123 0.203992149487327
 124 0.2035852110586357
 125 0.2031831650987411
 126 0.2027859311895551
 127 0.2023934304876234
 128 0.2020055856888615
 129 0.2016223209941595
 130 0.2012435620758309
 131 0.200869236044887
 132 0.2004992714191122
 133 0.2001335980919224
 134 0.1997721473019837
 135 0.1994148516035734
 136 0.1990616448376639
 137 0.1987124621037093
 138 0.1983672397321192
 139 0.198025915257399
 140 0.1976884273919414
 141 0.1973547160004523
 142 0.1970247220749919
 143 0.1966983877106203
 144 0.1963756560816267
 145 0.1960564714183295
 146 0.1957407789844341
 147 0.1954285250549302
 148 0.1951196568945184
 149 0.1948141227365502
 150 0.1945118717624692
 151 0.1942128540817402
 152 0.193917020712254
 153 0.1936243235611952
 154 0.1933347154063616
 155 0.1930481498779239
 156 0.1927645814406133
 157 0.1924839653763271
 158 0.1922062577671419
 159 0.1919314154787227
 160 0.191659396144119
 161 0.1913901581479376
 162 0.1911236606108825
 163 0.1908598633746532
 164 0.1905987269871912
 165 0.1903402126882669
 166 0.1900842823953986
 167 0.1898308986900928
 168 0.1895800248044022
 169 0.189331624607788
 170 0.1890856625942841
 171 0.1888421038699513
 172 0.1886009141406177
 173 0.1883620596998951
 174 0.1881255074174673
 175 0.1878912247276421
 176 0.1876591796181598
 177 0.1874293406192537
 178 0.1872016767929552
 179 0.1869761577226369
 180 0.1867527535027899
 181 0.1865314347290271
 182 0.1863121724883083
 183 0.1860949383493823
 184 0.1858797043534388
 185 0.1856664430049668
 186 0.1854551272628128
 187 0.1852457305314364
 188 0.1850382266523556
 189 0.184832589895779
 190 0.1846287949524202
 191 0.1844268169254898
 192 0.1842266313228604
 193 0.1840282140494006
 194 0.1838315413994753
 195 0.1836365900496058
 196 0.1834433370512873
 197 0.1832517598239614
 198 0.1830618361481368
 199 0.1828735441586573
 200 0.1826868623381126
 201 0.1825017695103885
 202 0.1823182448343535
 203 0.182136267797678
 204 0.1819558182107843
 205 0.1817768762009224
 206 0.1815994222063711
 207 0.1814234369707581
 208 0.1812489015375008
 209 0.1810757972443603
 210 0.1809041057181099
 211 0.1807338088693128
 212 0.1805648888872076
 213 0.1803973282346997
 214 0.1802311096434539
 215 0.1800662161090897
 216 0.1799026308864723
 217 0.1797403374851012
 218 0.1795793196645918
 219 0.1794195614302483
 220 0.1792610470287271
 221 0.1791037609437865
 222 0.1789476878921226
 223 0.1787928128192887
 224 0.178639120895696
 225 0.178486597512695
 226 0.1783352282787339
 227 0.178184999015594
 228 0.1780358957547001
 229 0.1778879047335029
 230 0.1777410123919334
 231 0.1775952053689271
 232 0.1774504704990163
 233 0.1773067948089893
 234 0.1771641655146143
 235 0.1770225700174282
 236 0.1768819959015871
 237 0.1767424309307778
 238 0.1766038630451897
 239 0.1764662803585444
 240 0.1763296711551837
 241 0.1761940238872118
 242 0.1760593271716938
 243 0.1759255697879074
 244 0.1757927406746462
 245 0.1756608289275755
 246 0.1755298237966379
 247 0.175399714683507
 248 0.1752704911390915
 249 0.1751421428610837
 250 0.1750146596915561
 251 0.1748880316146019
 252 0.174762248754021
 253 0.174637301371047
 254 0.1745131798621191
 255 0.1743898747566934
 256 0.174267376715096
 257 0.1741456765264149
 258 0.1740247651064319
 259 0.1739046334955915
 260 0.1737852728570076
 261 0.1736666744745067
 262 0.1735488297507071
 263 0.1734317302051324
 264 0.1733153674723602
 265 0.1731997333002038
 266 0.1730848195479271
 267 0.1729706181844919
 268 0.1728571212868362
 269 0.1727443210381842
 270 0.1726322097263858
 271 0.1725207797422873
 272 0.1724100235781291
 273 0.1722999338259737
 274 0.1721905031761609
 275 0.1720817244157904
 276 0.1719735904272316
 277 0.1718660941866593
 278 0.1717592287626155
 279 0.1716529873145963
 280 0.1715473630916636
 281 0.1714423494310813
 282 0.1713379397569751
 283 0.1712341275790157
 284 0.1711309064911246
 285 0.1710282701702032
 286 0.1709262123748829
 287 0.1708247269442971
 288 0.1707238077968748
 289 0.1706234489291545
 290 0.170523644414618
 291 0.1704243884025455
 292 0.1703256751168886
 293 0.170227498855164
 294 0.1701298539873647
 295 0.1700327349548906
 296 0.1699361362694969
 297 0.16984005251226
 298 0.169744478332561
 299 0.1696494084470867
 300 0.1695548376388464
 301 0.1694607607562064
 302 0.1693671727119394
 303 0.1692740684822902
 304 0.1691814431060577
 305 0.1690892916836907
 306 0.1689976093763999
 307 0.1689063914052839
 308 0.1688156330504695
 309 0.1687253296502671
 310 0.1686354766003385
 311 0.1685460693528798
 312 0.1684571034158164
 313 0.168368574352012
 314 0.1682804777784901
 315 0.1681928093656681
 316 0.168105564836604
 317 0.168018739966255
 318 0.1679323305807486
 319 0.1678463325566646
 320 0.1677607418203295
 321 0.1676755543471214
 322 0.1675907661607869
 323 0.1675063733327682
 324 0.167422371981541
 325 0.1673387582719633
 326 0.1672555284146344
 327 0.1671726786652634
 328 0.167090205324049
 329 0.1670081047350678
 330 0.1669263732856727
 331 0.166845007405901
 332 0.1667640035678915
 333 0.1666833582853105
