# Created by Octave 4.2.2, Sat May 04 15:07:17 2019 -03 <hardproxy@hardproxy-PC>
# name: Iteration
# type: matrix
# rows: 1000
# columns: 2
 1 0.3465735902805966
 2 0.3434723070884089
 3 0.3404300136284632
 4 0.3374455672317913
 5 0.334517839209057
 6 0.3316457153065004
 7 0.3288280961143698
 8 0.3260638974297057
 9 0.3233520505753886
 10 0.3206915026773755
 11 0.3180812169020691
 12 0.315520172655763
 13 0.3130073657480998
 14 0.3105418085214597
 15 0.3081225299481758
 16 0.3057485756974394
 17 0.3034190081737194
 18 0.3011329065284835
 19 0.298889366646953
 20 0.2966875011115794
 21 0.2945264391438735
 22 0.2924053265261625
 23 0.2903233255047916
 24 0.288279614676226
 25 0.2862733888574517
 26 0.2843038589420082
 27 0.2823702517429283
 28 0.2804718098237963
 29 0.2786077913190787
 30 0.2767774697448189
 31 0.274980133800729
 32 0.2732150871646573
 33 0.2714816482803501
 34 0.269779150139376
 35 0.2681069400580215
 36 0.2664643794499273
 37 0.26485084359517
 38 0.2632657214064615
 39 0.2617084151930823
 40 0.2601783404231262
 41 0.2586749254845922
 42 0.2571976114458187
 43 0.2557458518157147
 44 0.2543191123042154
 45 0.2529168705833424
 46 0.2515386160492309
 47 0.2501838495854435
 48 0.2488520833278695
 49 0.2475428404314759
 50 0.246255654839158
 51 0.2449900710529049
 52 0.2437456439074772
 53 0.2425219383467755
 54 0.2413185292030537
 55 0.2401350009791154
 56 0.2389709476336145
 57 0.2378259723695627
 58 0.2366996874261381
 59 0.2355917138738663
 60 0.2345016814132396
 61 0.2334292281768255
 62 0.2323740005349055
 63 0.2313356529046738
 64 0.230313847563018
 65 0.2293082544628934
 66 0.2283185510532988
 67 0.2273444221028467
 68 0.2263855595269254
 69 0.225441662218433
 70 0.2245124358820667
 71 0.2235975928721422
 72 0.2226968520339123
 73 0.2218099385483545
 74 0.220936583780389
 75 0.2200765251304872
 76 0.2192295058896306
 77 0.2183952750975724
 78 0.2175735874043568
 79 0.216764202935046
 80 0.2159668871576052
 81 0.2151814107538934
 82 0.2144075494937064
 83 0.2136450841118208
 84 0.2128938001879804
 85 0.2121534880297737
 86 0.2114239425583445
 87 0.2107049631968814
 88 0.2099963537618295
 89 0.2092979223567682
 90 0.2086094812689013
 91 0.2079308468681005
 92 0.2072618395084506
 93 0.2066022834322395
 94 0.2059520066763387
 95 0.2053108409809223
 96 0.204678621700468
 97 0.2040551877169909
 98 0.2034403813554559
 99 0.2028340483013183
 100 0.2022360375201418
 101 0.2016462011792449
 102 0.2010643945713254
 103 0.2004904760400169
 104 0.1999243069073282
 105 0.1993657514029201
 106 0.1988146765951743
 107 0.1982709523240097
 108 0.1977344511354015
 109 0.1972050482175613
 110 0.1966826213387364
 111 0.1961670507865856
 112 0.1956582193090931
 113 0.1951560120569813
 114 0.194660316527581
 115 0.1941710225101264
 116 0.1936880220324334
 117 0.1932112093089294
 118 0.1927404806899956
 119 0.1922757346125913
 120 0.1918168715521247
 121 0.1913637939755382
 122 0.1909164062955761
 123 0.1904746148262053
 124 0.190038327739156
 125 0.1896074550215554
 126 0.1891819084346254
 127 0.1887616014734143
 128 0.1883464493275379
 129 0.1879363688429022
 130 0.1875312784843811
 131 0.1871310982994256
 132 0.1867357498825782
 133 0.1863451563408706
 134 0.1859592422600784
 135 0.1855779336718142
 136 0.1852011580214332
 137 0.1848288441367317
 138 0.1844609221974182
 139 0.1840973237053352
 140 0.1837379814554121
 141 0.183382829507332
 142 0.1830318031578901
 143 0.1826848389140287
 144 0.1823418744665298
 145 0.1820028486643471
 146 0.1816677014895617
 147 0.181336374032946
 148 0.1810088084701167
 149 0.1806849480382658
 150 0.1803647370134503
 151 0.1800481206884293
 152 0.1797350453510319
 153 0.1794254582630434
 154 0.179119307639596
 155 0.1788165426290503
 156 0.178517113293356
 157 0.1782209705888778
 158 0.1779280663476765
 159 0.1776383532592311
 160 0.1773517848525931
 161 0.1770683154789586
 162 0.1767879002946523
 163 0.1765104952445067
 164 0.1762360570456319
 165 0.1759645431715623
 166 0.1756959118367729
 167 0.1754301219815533
 168 0.1751671332572336
 169 0.1749069060117495
 170 0.1746494012755415
 171 0.1743945807477768
 172 0.1741424067828875
 173 0.173892842377417
 174 0.1736458511571656
 175 0.1734013973646293
 176 0.1731594458467236
 177 0.1729199620427847
 178 0.1726829119728427
 179 0.1724482622261582
 180 0.1722159799500169
 181 0.1719860328387759
 182 0.1717583891231538
 183 0.1715330175597614
 184 0.1713098874208636
 185 0.1710889684843702
 186 0.1708702310240474
 187 0.1706536457999457
 188 0.1704391840490389
 189 0.170226817476069
 190 0.170016518244591
 191 0.1698082589682146
 192 0.1696020127020362
 193 0.169397752934258
 194 0.1691954535779881
 195 0.1689950889632188
 196 0.1687966338289782
 197 0.1686000633156505
 198 0.1684053529574611
 199 0.1682124786751236
 200 0.168021416768643
 201 0.1678321439102732
 202 0.1676446371376236
 203 0.1674588738469123
 204 0.1672748317863624
 205 0.1670924890497368
 206 0.1669118240700098
 207 0.1667328156131716
 208 0.1665554427721619
 209 0.1663796849609315
 210 0.1662055219086262
 211 0.1660329336538927
 212 0.1658619005393021
 213 0.1656924032058887
 214 0.1655244225878017
 215 0.1653579399070666
 216 0.1651929366684549
 217 0.1650293946544576
 218 0.1648672959203623
 219 0.1647066227894307
 220 0.1645473578481727
 221 0.1643894839417186
 222 0.1642329841692824
 223 0.1640778418797181
 224 0.163924040667165
 225 0.1637715643667803
 226 0.1636203970505572
 227 0.1634705230232262
 228 0.1633219268182385
 229 0.1631745931938285
 230 0.1630285071291551
 231 0.1628836538205186
 232 0.1627400186776523
 233 0.1625975873200875
 234 0.1624563455735888
 235 0.1623162794666607
 236 0.1621773752271202
 237 0.1620396192787384
 238 0.1619029982379454
 239 0.1617674989106008
 240 0.1616331082888246
 241 0.1614998135478908
 242 0.1613676020431804
 243 0.1612364613071917
 244 0.1611063790466098
 245 0.1609773431394297
 246 0.1608493416321363
 247 0.1607223627369363
 248 0.1605963948290436
 249 0.1604714264440155
 250 0.1603474462751389
 251 0.1602244431708667
 252 0.1601024061323003
 253 0.1599813243107214
 254 0.1598611870051689
 255 0.1597419836600599
 256 0.1596237038628568
 257 0.1595063373417764
 258 0.1593898739635413
 259 0.1592743037311735
 260 0.159159616781828
 261 0.159045803384666
 262 0.1589328539387677
 263 0.1588207589710826
 264 0.1587095091344171
 265 0.1585990952054597
 266 0.1584895080828402
 267 0.1583807387852256
 268 0.1582727784494497
 269 0.1581656183286761
 270 0.1580592497905947
 271 0.1579536643156502
 272 0.1578488534953025
 273 0.1577448090303173
 274 0.1576415227290885
 275 0.1575389865059893
 276 0.1574371923797522
 277 0.1573361324718791
 278 0.1572357990050779
 279 0.1571361843017269
 280 0.1570372807823669
 281 0.1569390809642189
 282 0.1568415774597276
 283 0.156744762975131
 284 0.156648630309054
 285 0.1565531723511269
 286 0.1564583820806276
 287 0.1563642525651472
 288 0.1562707769592786
 289 0.1561779485033275
 290 0.1560857605220458
 291 0.1559942064233862
 292 0.1559032796972782
 293 0.1558129739144252
 294 0.1557232827251216
 295 0.15563419985809
 296 0.1555457191193382
 297 0.1554578343910356
 298 0.1553705396304078
 299 0.1552838288686508
 300 0.1551976962098622
 301 0.1551121358299912
 302 0.1550271419758057
 303 0.1549427089638764
 304 0.1548588311795783
 305 0.1547755030761078
 306 0.1546927191735172
 307 0.154610474057764
 308 0.1545287623797766
 309 0.154447578854535
 310 0.1543669182601665
 311 0.1542867754370564
 312 0.1542071452869727
 313 0.1541280227722057
 314 0.1540494029147212
 315 0.1539712807953268
 316 0.1538936515528534
 317 0.1538165103833477
 318 0.1537398525392791
 319 0.1536636733287591
 320 0.153587968114773
 321 0.1535127323144236
 322 0.1534379613981878
 323 0.1533636508891838
 324 0.1532897963624514
 325 0.153216393444242
 326 0.1531434378113216
 327 0.1530709251902832
 328 0.1529988513568711
 329 0.1529272121353153
 330 0.1528560033976763
 331 0.1527852210632004
 332 0.1527148610976852
 333 0.1526449195128539
